12
28
30
42
78
80
91
129
132
134
142
144
146
158
163
178
249
251
275
301
304
312
319
326
334
337
339
343
351
353
354
355
356
357
367
369
377
394
401
403
404
405
408
415
434
438
450
459
464
465
488
492
501
509
513
515
516
518
536
537
540
542
551
554
558
560
573
576
581
587
589
592
593
594
595
599
601
603
608
610
611
615
625
632
634
636
639
642
647
657
663
664
665
667
670
672
673
679
681
684
690
697
698
700
704
708
709
716
723
737
738
742
754
765
772
781
784
793
804
808
859
860
890
897
909
918
922
923
924
933
942
950
955
959
991
1007
1016
1018
1020
1033
1046
1058
1060
1062
1067
1069
1070
1073
1076
1079
1081
1087
1091
1092
1098
1109
1110
1132
1142
1151
1152
1154
1158
1174
1175
1178
1181
1187
1188
1203
1220
1222
1233
1234
1239
1241
1247
1255
1262
1264
1269
1277
1286
1303
1304
1331
1334
1345
1355
1363
1371
1409
