9
11
18
30
44
46
49
53
60
73
77
85
90
92
94
98
105
106
110
116
117
124
130
131
135
136
143
149
152
157
171
182
185
205
216
227
232
233
248
263
270
272
288
292
299
300
302
307
311
321
324
336
340
348
360
362
375
381
385
398
400
405
412
422
426
439
440
445
461
496
504
511
517
521
524
531
571
624
637
682
771
962
980
1036
1038
1095
1117
1118
1139
1155
1169
1179
1213
1231
1233
1234
1239
1241
1244
1248
1263
1268
1274
1302
1323
1340
1343
1358
1366
1376
1390
1392
1393
1399
1405
1410
1413
1428
1433
1434
